day: 1.0
Qualifications: 0.6666666666666666
available: 0.6666666666666666
time: 0.6666666666666666
today: 0.6666666666666666
CALL: 0.6666666666666666
Academic: 0.3333333333333333
prestigious: 0.3333333333333333
NON: 0.3333333333333333
ACC: 0.3333333333333333
REDITED: 0.3333333333333333
uni: 0.3333333333333333
versities: 0.3333333333333333
knowledge: 0.3333333333333333
experience: 0.3333333333333333
lack: 0.3333333333333333
getting: 0.3333333333333333
turned: 0.3333333333333333
job: 0.3333333333333333
dreams: 0.3333333333333333
right: 0.3333333333333333
letters: 0.3333333333333333
name: 0.3333333333333333
prestige: 0.3333333333333333
deserve: 0.3333333333333333
Move: 0.3333333333333333
ahead: 0.3333333333333333
career: 0.3333333333333333
Bac: 0.3333333333333333
helors: 0.3333333333333333
Mas: 0.3333333333333333
ters: 0.3333333333333333
Ph: 0.3333333333333333
D: 0.3333333333333333
field: 0.3333333333333333
examinations: 0.3333333333333333
classes: 0.3333333333333333
textbooks: 0.3333333333333333
register: 0.3333333333333333
receive: 0.3333333333333333
qual: 0.3333333333333333
ifications: 0.3333333333333333
within: 0.3333333333333333
hours: 0.3333333333333333
week: 0.3333333333333333
Confidentiality: 0.3333333333333333
assured: 0.3333333333333333
