ROLEX: 1.0
LUXURY: 0.3333333333333333
WATCHES: 0.3333333333333333
BUY: 0.3333333333333333
Cartier: 0.3333333333333333
Bvlgari: 0.3333333333333333
Frank: 0.3333333333333333
Muller: 0.3333333333333333
Patek: 0.3333333333333333
Philippe: 0.3333333333333333
Vacheron: 0.3333333333333333
Constantin: 0.3333333333333333
Lange: 0.3333333333333333
Sohne: 0.3333333333333333
Audemars: 0.3333333333333333
Piguet: 0.3333333333333333
Jaeger: 0.3333333333333333
Lecoultre: 0.3333333333333333
IWC: 0.3333333333333333
Officine: 0.3333333333333333
Panerai: 0.3333333333333333
Breitling: 0.3333333333333333
Omega: 0.3333333333333333
Tag: 0.3333333333333333
Heuer: 0.3333333333333333
Exapmle: 0.3333333333333333
Full: 0.3333333333333333
18K: 0.3333333333333333
Gold: 0.3333333333333333
Daytona: 0.3333333333333333
MEN: 0.3333333333333333
Fast: 0.3333333333333333
delivery: 0.3333333333333333
lowest: 0.3333333333333333
prices: 0.3333333333333333
world: 0.3333333333333333
Worldwide: 0.3333333333333333
shipping: 0.3333333333333333
Visit: 0.3333333333333333
shop: 0.3333333333333333
vvhvjk130: 0.3333333333333333
sewandeatone: 0.3333333333333333
